Wartosci bledow mse dla kazdej z siatek:
1.38548 1.58272 1.5473 1.52971 1.42914 1.36072 1.4231 1.28082 1.18146 1.66193 
1.6011 1.59428 1.58417 1.49211 1.46093 1.50848 1.38622 1.33176 1.67639 1.63996 
1.61374 1.61291 1.55041 1.50448 1.55114 1.46327 1.39833 1.66443 1.63975 1.62568 
1.60866 1.56125 1.52986 1.55369 1.48412 1.43595 1.67961 1.66443 1.66258 1.64011 
1.60866 1.59428 1.60113 1.55369 1.51485 1.69076 1.68567 1.66443 1.65849 1.62745 
1.60866 1.62664 1.58248 1.55369 1.71448 1.65007 1.66697 1.6768 1.59746 1.60232 
1.63948 1.54546 1.53854 1.67665 1.67936 1.67927 1.65023 1.64193 1.63342 1.62404 
1.60487 1.58807 1.71061 1.69469 1.69095 1.68891 1.66405 1.65343 1.6674 1.63369 
1.61628 

Minimalny bled mse: 1.18146

Wektor Y,X z wszystkimi danymi najlepszego dopasowania:
3 5 0.0005 0.15 0.003 0.00109049 0 
0.00074198 0.00296048 0.00663889 0.0117534 0.0182732 0.0261606 0.035371 
0.0458535 0.0575509 0.0703998 0.0843312 0.0992708 0.115139 0.131851 
0.14932 0.167451 0.186149 0.205315 0.224846 0.244638 0.264585 
0.284578 0.304511 0.324272 0.343754 0.362848 0.381445 0.399441 
0.416729 0.433208 0.448779 0.463345 0.476813 0.489095 0.500105 
0.509763 0.517996 0.524733 0.52991 0.53347 0.53536 0.535535 
0.533956 0.530592 0.525416 0.518411 0.509566 0.498877 0.486348 
0.471989 0.455818 0.43786 0.418148 0.396721 0.373624 0.348911 
0.322641 0.294879 0.265696 0.235172 0.203387 0.170431 0.136396 
0.10138 0.0654842 0.0288148 -0.00851961 -0.0464071 -0.0847331 -0.123381 
-0.162233 -0.201168 -0.240066 -0.278807 -0.31727 -0.355334 -0.392879 
-0.429788 -0.465945 -0.501235 -0.535548 -0.568775 -0.600811 -0.631556 
-0.660912 -0.688789 -0.715098 -0.739758 -0.762693 -0.783831 -0.803109 
-0.820467 -0.835854 -0.849224 -0.86054 -0.869769 -0.876888 -0.881877 
-0.884728 

0 0 0 0 0 0 0 
0.00123716 0.00493961 0.0110877 0.0196535 0.0306013 0.0438872 0.0594599 
0.0772605 0.0972229 0.119274 0.143335 0.169319 0.197134 0.226682 
0.257862 0.290565 0.324679 0.360089 0.396674 0.434312 0.472878 
0.512244 0.552282 0.592862 0.633851 0.67512 0.716538 0.757974 
0.799301 0.84039 0.881118 0.921361 0.961001 0.999923 1.03801 
1.07517 1.11128 1.14625 1.18 1.21242 1.24345 1.273 
1.30101 1.32741 1.35216 1.3752 1.3965 1.41601 1.43372 
1.44959 1.46363 1.47583 1.48618 1.4947 1.50141 1.50633 
1.50948 1.51091 1.51066 1.50877 1.50531 1.50033 1.4939 
1.48609 1.47697 1.46663 1.45515 1.44261 1.42911 1.41474 
1.39959 1.38376 1.36736 1.35047 1.3332 1.31565 1.29792 
1.28012 1.26233 1.24465 1.22719 1.21003 1.19326 1.17698 
1.16125 1.14618 1.13182 1.11825 1.10554 1.09375 1.08293 
1.07315 1.06444 1.05684 1.05039 1.04512 1.04105 1.03819 
1.03655 