Wartosci bledow mse dla kazdej z siatek:
0.18727 0.87112 1.28841 0.281729 0.998774 1.11273 1.03484 1.40783 3.35061 0.534457 
0.979861 1.88518 0.160091 0.783141 1.41244 0.264123 0.898315 1.24451 3.82279 1.39106 
2.68071 0.48115 0.922379 1.97045 0.134797 0.756109 1.54004 0.18151 0.876956 1.29028 
0.279266 1.02191 1.11236 1.15597 1.52401 3.36034 2.9632 0.983666 1.88728 0.157395 
0.788566 1.41312 0.263054 0.917914 1.24541 3.82278 1.39374 2.68308 0.48254 0.924039 
1.97132 0.131767 0.761263 1.53939 0.187277 0.880463 1.28716 0.277254 1.03938 1.11198 
1.24945 1.61261 3.35963 2.9632 0.983662 1.88307 0.160099 0.796193 1.41108 0.262131 
0.927717 1.2445 3.82278 1.39643 2.68308 0.481142 0.929042 1.9687 0.131769 0.766435 
1.53876 

Minimalny bled mse: 0.131767

Wektor Y,X z wszystkimi danymi najlepszego dopasowania:
5 250 0.7 0.5 0.25 0.750005 0 
0.0102334 0.0199465 0.0291583 0.0378875 0.0461518 0.0539687 0.0613547 
0.068326 0.0748984 0.081087 0.0869063 0.0923705 0.0974933 0.102288 
0.106767 0.110943 0.114828 0.118434 0.121771 0.12485 0.127683 
0.130278 0.132645 0.134794 0.136735 0.138475 0.140023 0.141388 
0.142577 0.143598 0.144458 0.145164 0.145723 0.146142 0.146428 
0.146585 0.146621 0.14654 0.146349 0.146053 0.145657 0.145165 
0.144583 0.143915 0.143166 0.14234 0.14144 0.140472 0.139438 
0.138343 0.13719 0.135982 0.134723 0.133415 0.132063 0.130668 
0.129233 0.127762 0.126257 0.12472 0.123153 0.12156 0.119941 
0.1183 0.116639 0.114958 0.113261 0.111549 0.109823 0.108085 
0.106338 0.104581 0.102818 0.101049 0.0992749 0.0974979 0.0957188 
0.0939389 0.0921592 0.0903807 0.0886046 0.0868316 0.0850628 0.0832989 
0.0815409 0.0797894 0.0780453 0.0763092 0.0745819 0.0728638 0.0711557 
0.0694581 0.0677715 0.0660965 0.0644335 0.0627829 0.0611452 0.0595208 
0.05791 

0 0 0 0 0 0 0 
0.0310545 0.0612343 0.0905642 0.119068 0.14677 0.173691 0.199855 
0.225282 0.249993 0.274009 0.297348 0.32003 0.342074 0.363497 
0.384317 0.404551 0.424215 0.443325 0.461897 0.479946 0.497486 
0.514532 0.531097 0.547195 0.56284 0.578043 0.592816 0.607173 
0.621125 0.634682 0.647857 0.660658 0.673098 0.685186 0.696931 
0.708344 0.719434 0.730208 0.740678 0.750849 0.760732 0.770334 
0.779662 0.788725 0.797529 0.806082 0.814391 0.822462 0.830302 
0.837918 0.845315 0.8525 0.859478 0.866255 0.872837 0.879229 
0.885436 0.891464 0.897317 0.903 0.908517 0.913874 0.919074 
0.924123 0.929023 0.93378 0.938396 0.942877 0.947225 0.951444 
0.955538 0.959511 0.963364 0.967103 0.970729 0.974247 0.977658 
0.980966 0.984173 0.987283 0.990298 0.99322 0.996053 0.998798 
1.00146 1.00403 1.00653 1.00895 1.01129 1.01356 1.01575 
1.01788 1.01994 1.02193 1.02385 1.02572 1.02752 1.02926 
1.03095 